-999997
-999996
-999996
-999992
-999992
-999983
-999981
-999981
-999975
-999971
-999970
-999968
-999967
-999966
-999965
-999962
-999960
-999960
-999959
-999956
-999951
-999951
-999951
-999949
-999948
-999948
-999946
-999940
-999935
-999935
-999934
-999933
-999931
-999930
-999930
-999926
-999926
-999925
-999924
-999920
-999919
-999919
-999917
-999913
-999911
-999911
-999908
-999906
-999904
-999902
-999900
-999897
-999896
-999893
-999892
-999892
-999892
-999889
-999889
-999885
-999884
-999884
-999883
-999882
-999879
-999878
-999878
-999877
-999877
-999876
-999876
-999873
-999873
-999871
-999867
-999865
-999865
-999864
-999862
-999859
-999857
-999854
-999852
-999843
-999842
-999837
-999835
-999833
-999830
-999827
-999827
-999823
-999821
-999821
-999818
-999811
-999811
-999810
-999805
-999801
-999798
-999797
-999796
-999796
-999795
-999795
-999794
-999793
-999793
-999793
-999792
-999787
-999786
-999785
-999785
-999784
-999782
-999781
-999780
-999779
-999776
-999775
-999774
-999767
-999765
-999764
-999762
-999762
-999761
-999760
-999757
-999752
-999751
-999748
-999746
-999744
-999743
-999740
-999738
-999732
-999732
-999732
-999729
-999728
-999722
-999720
-999716
-999715
-999715
-999711
-999710
-999706
-999697
-999694
-999693
-999691
-999690
-999690
-999690
-999690
-999687
-999686
-999686
-999684
-999682
-999679
-999677
-999674
-999674
-999672
-999669
-999655
-999653
-999646
-999637
-999630
-999626
-999625
-999622
-999620
-999618
-999618
-999617
-999615
-999613
-999610
-999607
-999603
-999603
-999602
-999599
-999595
-999594
-999592
-999592
-999584
-999580
-999580
-999579
-999579
-999578
-999578
-999576
-999575
-999573
-999572
-999569
-999567
-999565
-999565
-999564
-999559
-999558
-999557
-999555
-999554
-999552
-999552
-999551
-999551
-999550
-999548
-999545
-999544
-999543
-999543
-999540
-999538
-999537
-999537
-999536
-999536
-999533
-999532
-999532
-999529
-999528
-999525
-999524
-999516
-999516
-999515
-999515
-999513
-999509
-999509
-999506
-999501
-999498
-999495
-999492
-999490
-999489
-999487
-999486
-999485
-999483
-999480
-999478
-999475
-999473
-999472
-999470
-999470
-999468
-999468
-999468
-999468
-999463
-999460
-999459
-999459
-999458
-999457
-999457
-999454
-999449
-999448
-999447
-999447
-999446
-999445
-999443
-999438
-999437
-999436
-999436
-999432
-999431
-999430
-999429
-999429
-999429
-999427
-999423
-999419
-999416
-999409
-999408
-999408
-999406
-999403
-999400
-999398
-999398
-999396
-999395
-999395
-999391
-999390
-999389
-999388
-999388
-999385
-999384
-999382
-999380
-999374
-999373
-999369
-999366
-999366
-999364
-999364
-999360
-999359
-999359
-999358
-999357
-999355
-999354
-999352
-999351
-999350
-999348
-999345
-999343
-999336
-999332
-999330
-999326
-999323
-999319
-999307
-999306
-999304
-999295
-999294
-999287
-999285
-999285
-999284
-999284
-999283
-999281
-999279
-999274
-999273
-999272
-999269
-999267
-999264
-999260
-999259
-999257
-999255
-999255
-999251
-999251
-999247
-999245
-999245
-999243
-999242
-999242
-999242
-999238
-999238
-999228
-999221
-999220
-999219
-999218
-999218
-999217
-999215
-999214
-999207
-999205
-999203
-999198
-999194
-999192
-999186
-999185
-999184
-999183
-999182
-999178
-999177
-999172
-999167
-999166
-999163
-999160
-999157
-999154
-999153
-999153
-999153
-999150
-999148
-999148
-999146
-999146
-999144
-999144
-999143
-999143
-999142
-999141
-999140
-999133
-999131
-999129
-999129
-999128
-999128
-999126
-999124
-999123
-999121
-999115
-999114
-999113
-999112
-999111
-999111
-999109
-999107
-999107
-999103
-999103
-999100
-999100
-999094
-999088
-999086
-999084
-999083
-999082
-999080
-999077
-999076
-999072
-999072
-999068
-999063
-999059
-999058
-999055
-999052
-999049
-999046
-999046
-999044
-999042
-999041
-999041
-999039
-999039
-999035
-999034
-999028
-999026
-999025
-999024
-999024
-999020
-999019
-999019
-999018
-999014
-999012
-999011
-999010
-999008
-998999
-998994
-998994
-998992
-998989
-998988
-998988
-998982
-998980
-998979
-998979
-998978
-998975
-998969
-998967
-998967
-998966
-998966
-998965
-998963
-998961
-998961
-998958
-998957
-998953
-998953
-998952
-998950
-998949
-998947
-998946
-998943
-998942
-998933
-998928
-998928
-998925
-998921
-998921
-998920
-998917
-998915
-998915
-998908
-998906
-998906
-998906
-998905
-998904
-998902
-998899
-998898
-998897
-998896
-998895
-998895
-998894
-998892
-998892
-998887
-998887
-998886
-998885
-998885
-998885
-998885
-998883
-998882
-998879
-998877
-998875
-998873
-998873
-998869
-998868
-998868
-998867
-998866
-998865
-998862
-998860
-998856
-998856
-998853
-998852
-998851
-998846
-998845
-998845
-998845
-998843
-998841
-998840
-998839
-998833
-998833
-998831
-998828
-998827
-998827
-998826
-998826
-998826
-998825
-998822
-998821
-998821
-998818
-998817
-998816
-998815
-998815
-998812
-998807
-998807
-998801
-998797
-998790
-998789
-998786
-998784
-998783
-998779
-998777
-998775
-998774
-998770
-998769
-998768
-998764
-998763
-998761
-998758
-998757
-998757
-998755
-998748
-998745
-998743
-998741
-998738
-998736
-998730
-998729
-998726
-998725
-998725
-998724
-998723
-998720
-998717
-998713
-998713
-998713
-998712
-998711
-998707
-998706
-998705
-998699
-998698
-998696
-998695
-998694
-998694
-998691
-998688
-998686
-998686
-998682
-998679
-998679
-998678
-998677
-998675
-998675
-998666
-998666
-998663
-998663
-998663
-998660
-998660
-998658
-998657
-998655
-998655
-998652
-998651
-998650
-998648
-998648
-998644
-998640
-998639
-998638
-998632
-998626
-998621
-998621
-998620
-998617
-998615
-998612
-998610
-998609
-998609
-998608
-998607
-998606
-998595
-998595
-998594
-998593
-998592
-998590
-998586
-998585
-998581
-998581
-998580
-998577
-998576
-998575
-998564
-998563
-998561
-998559
-998559
-998557
-998557
-998556
-998552
-998548
-998547
-998547
-998545
-998536
-998533
-998530
-998528
-998520
-998516
-998516
-998510
-998508
-998505
-998505
-998503
-998502
-998501
-998499
-998497
-998497
-998495
-998494
-998493
-998493
-998492
-998491
-998491
-998488
-998486
-998484
-998483
-998482
-998480
-998480
-998479
-998477
-998476
-998476
-998475
-998475
-998473
-998470
-998468
-998467
-998467
-998466
-998461
-998457
-998457
-998457
-998457
-998455
-998455
-998455
-998454
-998450
-998446
-998445
-998442
-998442
-998441
-998441
-998440
-998439
-998439
-998437
-998435
-998434
-998431
-998430
-998428
-998427
-998425
-998420
-998420
-998415
-998413
-998412
-998408
-998408
-998408
-998407
-998406
-998403
-998400
-998396
-998389
-998389
-998383
-998383
-998380
-998379
-998374
-998374
-998371
-998368
-998366
-998363
-998360
-998360
-998355
-998355
-998353
-998352
-998351
-998350
-998349
-998346
-998345
-998344
-998341
-998341
-998339
-998337
-998337
-998337
-998336
-998335
-998333
-998330
-998330
-998330
-998325
-998325
-998322
-998322
-998322
-998316
-998316
-998313
-998313
-998313
-998307
-998306
-998305
-998303
-998302
-998302
-998299
-998297
-998292
-998291
-998290
-998290
-998288
-998288
-998287
-998284
-998282
-998282
-998280
-998279
-998275
-998274
-998270
-998268
-998268
-998267
-998266
-998265
-998264
-998263
-998263
-998261
-998258
-998254
-998252
-998244
-998242
-998240
-998240
-998239
-998238
-998236
-998233
-998231
-998230
-998229
-998228
-998226
-998225
-998224
-998219
-998219
-998210
-998205
-998203
-998194
-998194
-998187
-998185
-998185
-998185
-998184
-998180
-998178
-998178
-998176
-998176
-998175
-998172
-998172
-998171
-998170
-998169
-998168
-998162
-998161
-998157
-998154
-998145
-998143
-998139
-998136
-998133
-998133
-998133
-998131
-998128
-998127
-998126
-998121
-998120
-998119
-998119
-998119
-998117
-998115
-998113
-998112
-998111
-998105
-998103
-998102
-998099
-998097
-998097
-998093
-998090
-998086
-998086
-998084
-998082
-998081
-998079
-998079
-998077
-998076
-998067
-998065
-998064
-998060
-998059
-998059
-998059
-998055
-998054
-998045
-998044
-998039
-998039
-998038
-998030
-998023
-998021
-998021
-998019
-998019
-998016
-998008
-998006
-998004
-998002
-998001
-998000
-997999
-997999
-997996
-997995
-997994
-997991
-997989
-997987
-997987
-997985
-997984
-997984
-997981
-997981
-997979
-997977
-997976
-997973
-997969
-997969
-997967
-997962
-997962
-997956
-997956
-997955
-997955
-997954
-997950
-997949
-997948
-997945
-997944
-997943
-997942
-997936
-997936
-997934
-997932
-997931
-997929
-997925
-997924
-997922
-997920
-997920
-997918
-997918
-997917
-997916
-997916
-997914
-997913
-997910
-997906
-997904
-997899
-997894
-997894
-997891
-997888
-997885
-997882
-997881
-997880
-997878
-997877
-997876
-997876
-997874
-997874
-997872
-997870
-997870
-997869
-997867
-997866
-997864
-997860
-997859
-997855
-997853
-997851
-997851
-997851
-997850
-997849
-997848
-997847
-997846
-997844
-997843
-997842
-997842
-997842
-997841
-997840
-997839
-997837
-997836
-997833
-997824
-997822
-997821
-997821
-997820
-997819
-997815
-997814
-997809
-997808
-997805
-997804
-997801
-997800
-997799
-997799
-997798
-997798
-997797
-997795
-997791
-997789
-997786
-997783
-997775
-997770
-997767
-997766
-997765
-997765
-997764
-997763
-997759
-997759
-997755
-997754
-997753
-997753
-997752
-997750
-997749
-997747
-997745
-997745
-997745
-997740
-997740
-997738
-997738
-997738
-997737
-997736
-997732
-997731
-997731
-997731
-997730
-997723
-997722
-997721
-997721
-997717
-997715
-997714
-997714
-997713
-997706
-997701
-997701
-997700
-997699
-997693
-997692
-997691
-997678
-997678
-997676
-997671
-997671
-997670
-997664
-997653
-997651
-997650
-997648
-997648
-997641
-997637
-997635
-997634
-997623
-997620
-997617
-997615
-997612
-997608
-997608
-997607
-997606
-997606
-997604
-997604
-997603
-997599
-997598
-997597
-997596
-997595
-997594
-997593
-997591
-997590
-997589
-997586
-997584
-997581
-997579
-997579
-997574
-997572
-997571
-997571
-997571
-997569
-997569
-997567
-997564
-997559
-997552
-997550
-997548
-997547
-997545
-997544
-997543
-997542
-997539
-997539
-997537
-997537
-997536
-997534
-997532
-997532
-997530
-997528
-997527
-997526
-997520
-997517
-997511
-997510
-997508
-997501
-997497
-997493
-997489
-997487
-997484
-997483
-997479
-997478
-997477
-997476
-997474
-997474
-997474
-997471
-997468
-997467
-997463
-997463
-997462
-997462
-997460
-997457
-997452
-997452
-997451
-997450
-997439
-997437
-997435
-997434
-997434
-997430
-997429
-997429
-997427
-997425
-997425
-997424
-997423
-997421
-997420
-997420
-997417
-997415
-997413
-997412
-997411
-997409
-997408
-997407
-997406
-997402
-997400
-997398
-997398
-997397
-997397
-997394
-997393
-997392
-997392
-997390
-997387
-997386
-997382
-997381
-997380
-997377
-997377
-997368
-997368
-997361
-997356
-997355
-997355
-997354
-997352
-997351
-997351
-997350
-997342
-997340
-997339
-997337
-997334
-997332
-997329
-997329
-997328
-997327
-997325
-997320
-997319
-997317
-997317
-997316
-997315
-997314
-997311
-997311
-997310
-997308
-997308
-997308
-997307
-997301
-997298
-997298
-997298
-997297
-997297
-997295
-997293
-997290
-997288
-997287
-997286
-997285
-997283
-997282
-997278
-997276
-997275
-997275
-997274
-997273
-997270
-997268
-997266
-997265
-997263
-997261
-997259
-997256
-997256
-997254
-997253
-997249
-997248
-997247
-997246
-997245
-997245
-997241
-997238
-997237
-997237
-997236
-997234
-997233
-997232
-997230
-997230
-997228
-997228
-997228
-997226
-997225
-997224
-997223
-997222
-997222
-997221
-997221
-997219
-997219
-997217
-997215
-997214
-997212
-997205
-997202
-997201
-997200
-997195
-997194
-997193
-997192
-997184
-997182
-997173
-997173
-997170
-997169
-997166
-997166
-997165
-997159
-997154
-997154
-997152
-997151
-997151
-997150
-997150
-997150
-997148
-997147
-997143
-997143
-997141
-997140
-997139
-997139
-997137
-997137
-997133
-997132
-997132
-997130
-997127
-997126
-997123
-997120
-997119
-997118
-997116
-997116
-997115
-997114
-997113
-997112
-997112
-997112
-997111
-997110
-997107
-997105
-997105
-997104
-997098
-997097
-997097
-997093
-997092
-997085
-997082
-997082
-997081
-997078
-997076
-997076
-997075
-997075
-997069
-997068
-997068
-997066
-997065
-997064
-997063
-997062
-997058
-997057
-997056
-997055
-997050
-997048
-997048
-997045
-997039
-997039
-997039
-997032
-997031
-997027
-997026
-997025
-997023
-997020
-997018
-997017
-997017
-997016
-997016
-997016
-997014
-997014
-997010
-997009
-997006
-997006
-997006
-997004
-997002
-997000
-996996
-996993
-996992
-996991
-996989
-996989
-996985
-996982
-996982
-996973
-996972
-996970
-996966
-996963
-996962
-996961
-996957
-996955
-996955
-996954
-996952
-996950
-996950
-996946
-996943
-996942
-996941
-996934
-996932
-996930
-996926
-996926
-996926
-996926
-996926
-996925
-996920
-996917
-996912
-996910
-996909
-996908
-996908
-996907
-996905
-996903
-996902
-996902
-996900
-996899
-996898
-996892
-996891
-996890
-996890
-996888
-996887
-996887
-996886
-996883
-996883
-996883
-996880
-996870
-996866
-996866
-996865
-996860
-996858
-996856
-996853
-996852
-996845
-996843
-996841
-996838
-996832
-996827
-996823
-996823
-996820
-996814
-996813
-996811
-996810
-996808
-996806
-996806
-996806
-996805
-996804
-996803
-996802
-996800
-996800
-996797
-996797
-996797
-996797
-996795
-996795
-996794
-996793
-996789
-996787
-996784
-996783
-996781
-996780
-996778
-996777
-996775
-996773
-996772
-996770
-996769
-996768
-996768
-996766
-996765
-996764
-996761
-996761
-996760
-996760
-996759
-996758
-996745
-996745
-996743
-996740
-996736
-996731
-996731
-996727
-996725
-996724
-996721
-996721
-996721
-996713
-996713
-996712
-996712
-996711
-996709
-996709
-996708
-996707
-996705
-996703
-996700
-996699
-996697
-996694
-996693
-996691
-996686
-996685
-996683
-996681
-996678
-996677
-996676
-996673
-996672
-996666
-996665
-996663
-996662
-996661
-996661
-996660
-996658
-996658
-996656
-996656
-996653
-996651
-996642
-996639
-996639
-996637
-996635
-996634
-996632
-996631
-996627
-996624
-996622
-996620
-996617
-996611
-996611
-996608
-996606
-996605
-996603
-996602
-996601
-996600
-996597
-996597
-996595
-996594
-996592
-996591
-996584
-996583
-996578
-996578
-996574
-996573
-996573
-996563
-996563
-996559
-996557
-996551
-996551
-996547
-996547
-996546
-996546
-996545
-996542
-996538
-996534
-996530
-996529
-996529
-996528
-996525
-996521
-996519
-996518
-996517
-996516
-996513
-996512
-996511
-996510
-996509
-996509
-996506
-996506
-996504
-996502
-996499
-996496
-996493
-996487
-996485
-996479
-996477
-996476
-996473
-996472
-996470
-996466
-996465
-996462
-996460
-996459
-996456
-996456
-996455
-996454
-996451
-996445
-996441
-996438
-996437
-996436
-996430
-996430
-996426
-996418
-996418
-996417
-996416
-996414
-996414
-996411
-996406
-996401
-996399
-996393
-996393
-996392
-996392
-996391
-996387
-996385
-996385
-996375
-996371
-996366
-996364
-996358
-996353
-996347
-996345
-996344
-996343
-996343
-996342
-996342
-996341
-996340
-996340
-996331
-996331
-996326
-996326
-996324
-996324
-996322
-996319
-996315
-996315
-996313
-996312
-996310
-996309
-996309
-996308
-996307
-996306
-996303
-996301
-996298
-996296
-996293
-996292
-996289
-996289
-996283
-996281
-996276
-996275
-996274
-996274
-996273
-996272
-996271
-996270
-996270
-996268
-996261
-996260
-996258
-996258
-996255
-996255
-996255
-996255
-996253
-996252
-996252
-996252
-996251
-996251
-996247
-996246
-996243
-996241
-996241
-996241
-996238
-996235
-996235
-996231
-996229
-996227
-996226
-996223
-996221
-996218
-996216
-996209
-996208
-996204
-996203
-996203
-996199
-996196
-996193
-996192
-996189
-996186
-996183
-996183
-996182
-996181
-996169
-996168
-996162
-996162
-996162
-996161
-996160
-996157
-996155
-996152
-996150
-996149
-996148
-996146
-996145
-996144
-996142
-996132
-996127
-996127
-996119
-996116
-996115
-996114
-996111
-996110
-996107
-996105
-996104
-996104
-996102
-996102
-996099
-996099
-996095
-996094
-996094
-996090
-996082
-996082
-996082
-996081
-996081
-996079
-996079
-996078
-996075
-996074
-996071
-996070
-996068
-996064
-996061
-996060
-996058
-996057
-996053
-996050
-996047
-996046
-996046
-996044
-996044
-996039
-996036
-996035
-996026
-996026
-996026
-996024
-996024
-996023
-996023
-996021
-996019
-996018
-996017
-996014
-996011
-996010
-996010
-996008
-996007
-996006
-996005
-995997
-995995
-995993
-995992
-995991
-995989
-995987
-995987
-995980
-995979
-995978
-995976
-995974
-995970
-995966
-995966
-995964
-995964
-995963
-995963
-995962
-995949
-995948
-995947
-995941
-995940
-995940
-995938
-995935
-995934
-995934
-995933
-995932
-995931
-995929
-995927
-995925
-995922
-995920
-995919
-995910
-995909
-995909
-995902
-995901
-995895
-995892
-995890
-995888
-995888
-995888
-995879
-995875
-995875
-995875
-995873
-995872
-995868
-995865
-995864
-995862
-995858
-995855
-995853
-995852
-995851
-995849
-995845
-995844
-995841
-995841
-995839
-995839
-995837
-995833
-995833
-995830
-995830
-995828
-995823
-995822
-995822
-995816
-995816
-995812
-995811
-995811
-995811
-995808
-995807
-995806
-995806
-995797
-995796
-995794
-995793
-995791
-995785
-995777
-995776
-995776
-995775
-995775
-995775
-995773
-995771
-995765
-995764
-995754
-995754
-995749
-995748
-995748
-995745
-995744
-995742
-995742
-995739
-995739
-995736
-995733
-995728
-995727
-995725
-995725
-995724
-995721
-995721
-995720
-995719
-995719
-995717
-995716
-995714
-995707
-995706
-995706
-995696
-995695
-995693
-995688
-995688
-995687
-995686
-995685
-995685
-995684
-995684
-995675
-995675
-995673
-995672
-995669
-995666
-995664
-995661
-995653
-995652
-995650
-995645
-995640
-995640
-995640
-995640
-995637
-995637
-995636
-995631
-995629
-995629
-995628
-995627
-995626
-995624
-995622
-995621
-995620
-995617
-995610
-995601
-995600
-995594
-995594
-995593
-995592
-995591
-995590
-995589
-995589
-995586
-995585
-995584
-995579
-995578
-995577
-995577
-995573
-995573
-995572
-995567
-995564
-995562
-995560
-995559
-995558
-995557
-995554
-995553
-995552
-995550
-995549
-995547
-995544
-995543
-995542
-995542
-995540
-995540
-995536
-995535
-995532
-995531
-995531
-995530
-995528
-995524
-995520
-995518
-995517
-995517
-995515
-995515
-995514
-995513
-995512
-995499
-995499
-995498
-995494
-995491
-995490
-995486
-995484
-995476
-995474
-995473
-995473
-995471
-995470
-995467
-995466
-995464
-995456
-995452
-995445
-995444
-995443
-995440
-995439
-995438
-995437
-995435
-995434
-995432
-995429
-995427
-995427
-995420
-995416
-995415
-995414
-995413
-995413
-995404
-995402
-995402
-995401
-995401
-995398
-995392
-995390
-995388
-995387
-995385
-995384
-995382
-995379
-995377
-995377
-995376
-995371
-995367
-995364
-995363
-995362
-995354
-995354
-995353
-995352
-995349
-995348
-995346
-995346
-995345
-995345
-995344
-995339
-995338
-995338
-995337
-995333
-995332
-995331
-995320
-995320
-995320
-995319
-995319
-995318
-995310
-995308
-995307
-995307
-995301
-995300
-995299
-995299
-995297
-995291
-995277
-995267
-995267
-995260
-995256
-995250
-995244
-995241
-995241
-995238
-995236
-995235
-995234
-995220
-995215
-995215
-995214
-995212
-995211
-995210
-995210
-995209
-995207
-995194
-995194
-995193
-995193
-995193
-995192
-995189
-995186
-995184
-995180
-995180
-995180
-995174
-995173
-995171
-995162
-995161
-995159
-995157
-995153
-995151
-995147
-995146
-995142
-995140
-995139
-995138
-995133
-995131
-995130
-995129
-995129
-995121
-995120
-995120
-995119
-995116
-995114
-995110
-995110
-995109
-995109
-995109
-995106
-995106
-995105
-995100
-995100
-995098
-995097
-995096
-995096
-995090
-995088
-995085
-995083
-995083
-995081
-995080
-995079
-995078
-995076
-995071
-995070
-995063
-995063
-995062
-995060
-995058
-995053
-995052
-995051
-995048
-995043
-995042
-995040
-995034
-995033
-995030
-995026
-995023
-995017
-995013
-995012
-995011
-995011
-995009
-995008
-995006
-995006
-995005
-995004
-994997
-994995
-994991
-994987
-994985
-994985
-994985
-994980
-994979
-994976
-994970
-994968
-994967
-994966
-994965
-994963
-994963
-994960
-994960
-994958
-994957
-994955
-994953
-994948
-994948
-994947
-994945
-994945
-994944
-994943
-994942
-994941
-994941
-994940
-994931
-994931
-994931
-994927
-994926
-994925
-994923
-994921
-994921
-994918
-994916
-994916
-994914
-994914
-994906
-994906
-994905
-994904
-994902
-994895
-994894
-994892
-994891
-994891
-994888
-994885
-994884
-994883
-994881
-994880
-994879
-994876
-994875
-994875
-994874
-994873
-994872
-994871
-994868
-994866
-994866
-994862
-994853
-994852
-994852
-994850
-994849
-994845
-994845
-994842
-994842
-994841
-994841
-994841
-994840
-994840
-994838
-994837
-994837
-994837
-994836
-994832
-994829
-994828
-994826
-994824
-994822
-994820
-994816
-994815
-994808
-994805
-994799
-994799
-994799
-994799
-994798
-994796
-994795
-994791
-994786
-994783
-994782
-994780
-994780
-994779
-994778
-994778
-994777
-994776
-994775
-994773
-994768
-994767
-994764
-994760
-994759
-994753
-994742
-994742
-994741
-994740
-994738
-994738
-994737
-994735
-994735
-994734
-994729
-994728
-994721
-994719
-994718
-994717
-994717
-994714
-994713
-994712
-994711
-994711
-994706
-994706
-994704
-994704
-994701
-994697
-994696
-994694
-994694
-994693
-994693
-994692
-994688
-994687
-994685
-994680
-994670
-994667
-994667
-994666
-994664
-994662
-994659
-994657
-994655
-994654
-994654
-994648
-994647
-994647
-994644
-994642
-994641
-994639
-994636
-994634
-994633
-994632
-994632
-994632
-994625
-994619
-994617
-994616
-994615
-994608
-994602
-994602
-994594
-994593
-994593
-994591
-994591
-994590
-994588
-994587
-994586
-994586
-994586
-994584
-994584
-994583
-994582
-994582
-994578
-994572
-994571
-994571
-994560
-994559
-994557
-994556
-994552
-994548
-994544
-994543
-994539
-994538
-994538
-994537
-994536
-994533
-994528
-994528
-994528
-994525
-994524
-994521
-994520
-994513
-994511
-994511
-994511
-994510
-994508
-994508
-994504
-994502
-994498
-994497
-994489
-994484
-994482
-994477
-994477
-994477
-994476
-994475
-994475
-994468
-994466
-994466
-994466
-994465
-994464
-994464
-994463
-994456
-994455
-994454
-994452
-994452
-994451
-994448
-994447
-994446
-994445
-994443
-994440
-994435
-994434
-994433
-994432
-994432
-994430
-994428
-994421
-994421
-994420
-994417
-994416
-994414
-994412
-994411
-994411
-994408
-994407
-994407
-994405
-994405
-994398
-994398
-994397
-994395
-994394
-994394
-994393
-994390
-994389
-994386
-994383
-994383
-994382
-994381
-994379
-994378
-994376
-994375
-994368
-994365
-994363
-994363
-994362
-994361
-994352
-994351
-994349
-994347
-994342
-994340
-994337
-994335
-994335
-994331
-994328
-994323
-994322
-994321
-994318
-994316
-994316
-994313
-994309
-994308
-994308
-994307
-994305
-994300
-994300
-994297
-994292
-994292
-994286
-994281
-994281
-994279
-994278
-994276
-994275
-994272
-994271
-994271
-994271
-994270
-994270
-994269
-994268
-994268
-994268
-994264
-994264
-994263
-994262
-994260
-994255
-994253
-994241
-994239
-994238
-994237
-994236
-994235
-994234
-994231
-994231
-994231
-994230
-994229
-994227
-994225
-994220
-994220
-994219
-994214
-994212
-994211
-994208
-994207
-994202
-994201
-994200
-994196
-994192
-994190
-994189
-994187
-994186
-994183
-994183
-994179
-994177
-994174
-994172
-994172
-994171
-994170
-994168
-994167
-994155
-994154
-994154
-994152
-994151
-994144
-994140
-994140
-994139
-994139
-994139
-994137
-994136
-994135
-994131
-994130
-994130
-994125
-994124
-994122
-994121
-994119
-994116
-994116
-994115
-994115
-994114
-994112
-994112
-994107
-994107
-994106
-994106
-994106
-994105
-994105
-994105
-994104
-994103
-994094
-994094
-994092
-994088
-994087
-994081
-994080
-994078
-994077
-994075
-994075
-994071
-994071
-994063
-994063
-994063
-994062
-994058
-994057
-994057
-994056
-994054
-994052
-994050
-994049
-994049
-994049
-994048
-994046
-994044
-994044
-994044
-994041
-994036
-994034
-994033
-994033
-994033
-994031
-994031
-994030
-994024
-994022
-994018
-994015
-994015
-994010
-994010
-994010
-994010
-994009
-994009
-994005
-994002
-994000
-993998
-993997
-993997
-993996
-993994
-993992
-993991
-993990
-993988
-993988
-993986
-993986
-993980
-993980
-993979
-993979
-993978
-993978
-993972
-993972
-993970
-993966
-993965
-993965
-993964
-993960
-993959
-993954
-993946
-993943
-993942
-993941
-993940
-993936
-993935
-993934
-993931
-993931
-993929
-993925
-993924
-993921
-993918
-993917
-993916
-993916
-993915
-993913
-993913
-993909
-993908
-993907
-993902
-993902
-993902
-993895
-993894
-993891
-993891
-993890
-993890
-993888
-993886
-993885
-993882
-993878
-993877
-993877
-993874
-993871
-993869
-993868
-993864
-993864
-993863
-993863
-993859
-993857
-993854
-993852
-993851
-993844
-993843
-993843
-993843
-993841
-993837
-993836
-993835
-993831
-993828
-993827
-993822
-993821
-993821
-993818
-993816
-993815
-993814
-993813
-993813
-993811
-993806
-993806
-993804
-993801
-993801
-993799
-993798
-993792
-993792
-993791
-993789
-993786
-993784
-993783
-993778
-993778
-993774
-993773
-993771
-993770
-993768
-993767
-993764
-993759
-993758
-993757
-993757
-993756
-993745
-993744
-993744
-993743
-993742
-993742
-993739
-993735
-993730
-993728
-993724
-993723
-993720
-993720
-993717
-993715
-993715
-993710
-993708
-993708
-993705
-993705
-993705
-993705
-993703
-993697
-993696
-993693
-993689
-993688
-993688
-993684
-993684
-993684
-993683
-993682
-993680
-993678
-993672
-993671
-993671
-993664
-993662
-993661
-993658
-993653
-993651
-993649
-993647
-993645
-993642
-993640
-993634
-993633
-993630
-993628
-993626
-993625
-993624
-993623
-993620
-993620
-993620
-993617
-993616
-993614
-993610
-993609
-993608
-993607
-993602
-993601
-993601
-993600
-993600
-993600
-993599
-993599
-993593
-993591
-993588
-993587
-993575
-993574
-993572
-993569
-993568
-993566
-993565
-993564
-993562
-993561
-993560
-993557
-993557
-993556
-993553
-993553
-993552
-993551
-993551
-993550
-993543
-993540
-993539
-993539
-993538
-993537
-993536
-993533
-993533
-993529
-993527
-993526
-993523
-993523
-993521
-993520
-993519
-993517
-993511
-993511
-993508
-993506
-993505
-993499
-993497
-993496
-993493
-993493
-993483
-993482
-993482
-993480
-993479
-993474
-993474
-993471
-993469
-993468
-993464
-993464
-993463
-993459
-993457
-993456
-993455
-993455
-993453
-993451
-993451
-993450
-993445
-993445
-993444
-993443
-993443
-993430
-993426
-993425
-993424
-993423
-993423
-993421
-993420
-993416
-993414
-993413
-993406
-993405
-993402
-993400
-993400
-993400
-993399
-993397
-993396
-993395
-993393
-993392
-993390
-993390
-993388
-993388
-993385
-993383
-993379
-993378
-993373
-993372
-993370
-993366
-993365
-993362
-993361
-993359
-993358
-993357
-993356
-993356
-993354
-993354
-993352
-993352
-993350
-993342
-993340
-993334
-993332
-993328
-993328
-993325
-993322
-993318
-993314
-993314
-993313
-993311
-993311
-993311
-993306
-993304
-993304
-993299
-993295
-993295
-993292
-993292
-993291
-993291
-993283
-993283
-993280
-993274
-993269
-993267
-993263
-993263
-993259
-993258
-993254
-993251
-993250
-993249
-993249
-993246
-993245
-993245
-993244
-993243
-993241
-993239
-993234
-993231
-993230
-993230
-993229
-993228
-993226
-993224
-993222
-993219
-993216
-993215
-993214
-993213
-993213
-993211
-993208
-993202
-993193
-993190
-993180
-993175
-993173
-993171
-993168
-993164
-993161
-993160
-993155
-993152
-993151
-993150
-993146
-993144
-993144
-993141
-993141
-993140
-993137
-993135
-993131
-993126
-993123
-993122
-993121
-993120
-993120
-993117
-993115
-993114
-993113
-993110
-993107
-993107
-993107
-993106
-993106
-993105
-993105
-993104
-993102
-993102
-993101
-993101
-993097
-993097
-993097
-993091
-993090
-993082
-993081
-993081
-993080
-993080
-993080
-993077
-993071
-993071
-993070
-993070
-993070
-993067
-993063
-993057
-993056
-993050
-993050
-993049
-993044
-993043
-993043
-993041
-993038
-993036
-993033
-993030
-993028
-993026
-993025
-993023
-993023
-993020
-993019
-993018
-993018
-993017
-993017
-993013
-993010
-993008
-993007
-993004
-993003
-993001
-993000
-992999
-992994
-992994
-992993
-992991
-992989
-992987
-992984
-992982
-992981
-992981
-992976
-992975
-992973
-992968
-992967
-992964
-992956
-992956
-992954
-992951
-992944
-992943
-992943
-992942
-992940
-992935
-992932
-992931
-992929
-992928
-992924
-992922
-992920
-992920
-992919
-992918
-992916
-992916
-992915
-992912
-992909
-992908
-992903
-992899
-992897
-992894
-992891
-992887
-992885
-992883
-992881
-992878
-992875
-992873
-992873
-992873
-992868
-992867
-992866
-992866
-992864
-992860
-992859
-992857
-992855
-992850
-992849
-992849
-992844
-992844
-992842
-992840
-992839
-992838
-992838
-992835
-992833
-992833
-992830
-992826
-992826
-992825
-992825
-992824
-992821
-992819
-992819
-992814
-992812
-992811
-992810
-992809
-992807
-992806
-992806
-992805
-992805
-992804
-992798
-992795
-992792
-992790
-992789
-992789
-992783
-992783
-992781
-992781
-992781
-992778
-992776
-992775
-992775
-992774
-992773
-992769
-992769
-992768
-992767
-992765
-992764
-992762
-992759
-992758
-992755
-992753
-992753
-992752
-992750
-992745
-992742
-992738
-992731
-992729
-992723
-992720
-992719
-992718
-992718
-992704
-992704
-992702
-992697
-992697
-992695
-992693
-992692
-992687
-992685
-992684
-992683
-992683
-992682
-992676
-992675
-992671
-992664
-992652
-992642
-992638
-992637
-992634
-992632
-992629
-992629
-992629
-992625
-992624
-992624
-992624
-992623
-992621
-992621
-992620
-992619
-992618
-992616
-992614
-992612
-992607
-992605
-992605
-992604
-992603
-992601
-992601
-992599
-992597
-992592
-992591
-992585
-992583
-992583
-992579
-992577
-992573
-992568
-992568
-992565
-992564
-992562
-992561
-992560
-992559
-992558
-992558
-992557
-992554
-992554
-992554
-992552
-992549
-992547
-992544
-992539
-992538
-992537
-992536
-992534
-992534
-992532
-992525
-992524
-992521
-992519
-992518
-992518
-992511
-992510
-992508
-992508
-992503
-992500
-992499
-992498
-992497
-992489
-992487
-992486
-992485
-992484
-992481
-992480
-992471
-992471
-992469
-992469
-992467
-992467
-992463
-992463
-992463
-992455
-992452
-992452
-992448
-992443
-992441
-992433
-992432
-992430
-992429
-992429
-992428
-992427
-992426
-992426
-992425
-992420
-992416
-992414
-992412
-992408
-992406
-992406
-992405
-992404
-992397
-992397
-992395
-992393
-992392
-992389
-992386
-992384
-992383
-992379
-992379
-992375
-992372
-992372
-992372
-992372
-992368
-992367
-992367
-992365
-992364
-992364
-992359
-992358
-992357
-992356
-992354
-992351
-992350
-992350
-992350
-992350
-992348
-992345
-992344
-992343
-992340
-992339
-992335
-992334
-992334
-992333
-992332
-992327
-992327
-992326
-992325
-992321
-992319
-992319
-992316
-992315
-992313
-992312
-992312
-992311
-992307
-992306
-992305
-992305
-992303
-992299
-992296
-992294
-992293
-992291
-992290
-992290
-992289
-992289
-992288
-992286
-992282
-992282
-992278
-992273
-992272
-992272
-992271
-992270
-992269
-992266
-992262
-992262
-992260
-992259
-992258
-992255
-992252
-992251
-992250
-992248
-992248
-992245
-992245
-992244
-992243
-992243
-992241
-992237
-992235
-992235
-992232
-992231
-992230
-992229
-992228
-992227
-992226
-992224
-992223
-992219
-992217
-992216
-992216
-992210
-992207
-992205
-992205
-992204
-992202
-992202
-992201
-992198
-992195
-992194
-992191
-992190
-992185
-992176
-992174
-992174
-992173
-992172
-992171
-992171
-992167
-992167
-992165
-992165
-992165
-992161
-992160
-992157
-992157
-992156
-992151
-992151
-992151
-992150
-992149
-992149
-992144
-992143
-992143
-992142
-992142
-992135
-992134
-992133
-992131
-992127
-992121
-992119
-992115
-992114
-992112
-992111
-992110
-992105
-992104
-992102
-992102
-992101
-992100
-992096
-992094
-992094
-992093
-992093
-992090
-992090
-992090
-992086
-992086
-992084
-992083
-992078
-992075
-992074
-992074
-992072
-992069
-992069
-992067
-992065
-992064
-992061
-992059
-992059
-992057
-992053
-992052
-992052
-992051
-992043
-992043
-992042
-992042
-992042
-992040
-992037
-992034
-992034
-992033
-992033
-992030
-992029
-992025
-992024
-992015
-992015
-992013
-992013
-992009
-992008
-992007
-992007
-992007
-992001
-992001
-992001
-992000
-991998
-991997
-991997
-991997
-991997
-991995
-991994
-991994
-991993
-991992
-991990
-991990
-991989
-991987
-991982
-991982
-991981
-991981
-991976
-991975
-991964
-991962
-991960
-991958
-991953
-991950
-991949
-991947
-991946
-991945
-991945
-991944
-991942
-991942
-991942
-991940
-991938
-991938
-991937
-991934
-991930
-991923
-991920
-991918
-991907
-991907
-991906
-991904
-991898
-991897
-991891
-991891
-991890
-991881
-991881
-991880
-991879
-991876
-991873
-991873
-991871
-991871
-991868
-991868
-991865
-991863
-991861
-991860
-991859
-991853
-991852
-991851
-991850
-991848
-991847
-991841
-991836
-991834
-991834
-991830
-991823
-991822
-991822
-991819
-991819
-991815
-991812
-991810
-991808
-991808
-991807
-991801
-991799
-991799
-991795
-991795
-991794
-991793
-991786
-991785
-991778
-991777
-991774
-991774
-991771
-991770
-991770
-991766
-991765
-991765
-991763
-991762
-991762
-991760
-991755
-991753
-991750
-991749
-991745
-991737
-991737
-991735
-991733
-991730
-991723
-991723
-991722
-991721
-991718
-991718
-991717
-991714
-991713
-991706
-991705
-991702
-991699
-991699
-991696
-991696
-991695
-991694
-991692
-991689
-991681
-991681
-991680
-991674
-991672
-991670
-991669
-991668
-991667
-991660
-991659
-991659
-991656
-991656
-991654
-991652
-991651
-991651
-991650
-991643
-991640
-991636
-991633
-991632
-991629
-991629
-991624
-991624
-991624
-991621
-991618
-991611
-991609
-991606
-991606
-991604
-991601
-991600
-991600
-991596
-991596
-991596
-991595
-991594
-991593
-991593
-991592
-991591
-991584
-991579
-991579
-991573
-991573
-991569
-991567
-991562
-991553
-991551
-991550
-991548
-991546
-991542
-991541
-991541
-991541
-991538
-991536
-991533
-991528
-991525
-991525
-991525
-991524
-991523
-991521
-991521
-991520
-991518
-991512
-991512
-991510
-991508
-991505
-991504
-991503
-991501
-991501
-991500
-991500
-991499
-991499
-991498
-991494
-991492
-991490
-991487
-991485
-991485
-991483
-991478
-991478
-991478
-991475
-991475
-991474
-991469
-991468
-991466
-991462
-991462
-991460
-991456
-991456
-991455
-991451
-991451
-991450
-991445
-991438
-991438
-991430
-991425
-991424
-991424
-991422
-991421
-991420
-991419
-991416
-991415
-991415
-991411
-991411
-991409
-991409
-991408
-991407
-991407
-991405
-991404
-991400
-991399
-991398
-991398
-991397
-991395
-991394
-991393
-991392
-991392
-991388
-991385
-991381
-991378
-991377
-991374
-991372
-991371
-991371
-991367
-991366
-991359
-991357
-991356
-991350
-991350
-991349
-991347
-991347
-991344
-991342
-991341
-991336
-991334
-991332
-991332
-991331
-991327
-991326
-991325
-991324
-991324
-991321
-991321
-991320
-991317
-991314
-991313
-991312
-991309
-991309
-991309
-991307
-991304
-991303
-991301
-991298
-991295
-991291
-991289
-991284
-991284
-991282
-991281
-991280
-991276
-991276
-991263
-991261
-991260
-991258
-991256
-991256
-991255
-991252
-991250
-991249
-991247
-991245
-991244
-991244
-991241
-991239
-991238
-991236
-991236
-991235
-991234
-991233
-991230
-991227
-991227
-991224
-991222
-991220
-991216
-991215
-991215
-991215
-991214
-991214
-991211
-991211
-991210
-991209
-991208
-991205
-991204
-991204
-991203
-991201
-991200
-991195
-991195
-991187
-991184
-991183
-991181
-991179
-991179
-991176
-991176
-991172
-991171
-991167
-991167
-991167
-991164
-991155
-991155
-991153
-991152
-991151
-991148
-991147
-991146
-991146
-991144
-991137
-991135
-991134
-991132
-991130
-991129
-991129
-991129
-991127
-991126
-991126
-991125
-991118
-991116
-991115
-991115
-991114
-991112
-991111
-991110
-991109
-991107
-991107
-991102
-991102
-991099
-991093
-991090
-991090
-991088
-991088
-991085
-991084
-991084
-991082
-991075
-991075
-991071
-991069
-991065
-991064
-991061
-991057
-991054
-991052
-991050
-991044
-991043
-991041
-991040
-991035
-991033
-991033
-991032
-991032
-991031
-991029
-991027
-991026
-991025
-991024
-991023
-991021
-991016
-991014
-991009
-991009
-991009
-991008
-991005
-991005
-991004
-991002
-991002
-991001
-990999
-990994
-990993
-990989
-990984
-990982
-990976
-990976
-990976
-990975
-990972
-990967
-990965
-990961
-990960
-990959
-990958
-990956
-990952
-990951
-990950
-990948
-990947
-990943
-990943
-990942
-990942
-990941
-990940
-990940
-990935
-990931
-990929
-990929
-990928
-990925
-990924
-990922
-990920
-990917
-990916
-990915
-990914
-990911
-990911
-990908
-990905
-990905
-990899
-990898
-990898
-990895
-990891
-990889
-990888
-990888
-990888
-990882
-990882
-990878
-990871
-990869
-990864
-990861
-990861
-990860
-990860
-990858
-990858
-990858
-990854
-990851
-990850
-990850
-990845
-990844
-990844
-990842
-990840
-990838
-990836
-990832
-990830
-990826
-990826
-990815
-990815
-990813
-990810
-990808
-990807
-990807
-990799
-990799
-990797
-990796
-990795
-990794
-990792
-990791
-990789
-990783
-990774
-990774
-990772
-990769
-990768
-990768
-990768
-990764
-990763
-990762
-990760
-990758
-990756
-990754
-990754
-990750
-990746
-990742
-990740
-990737
-990736
-990733
-990731
-990730
-990723
-990722
-990719
-990717
-990715
-990715
-990715
-990711
-990710
-990709
-990709
-990705
-990703
-990702
-990701
-990699
-990693
-990692
-990691
-990690
-990688
-990688
-990687
-990686
-990684
-990682
-990681
-990678
-990675
-990667
-990661
-990661
-990660
-990660
-990653
-990650
-990650
-990650
-990648
-990646
-990642
-990640
-990639
-990631
-990628
-990628
-990625
-990619
-990616
-990614
-990610
-990606
-990604
-990604
-990598
-990597
-990596
-990595
-990594
-990592
-990591
-990590
-990588
-990587
-990586
-990585
-990585
-990581
-990580
-990580
-990580
-990575
-990575
-990573
-990572
-990572
-990569
-990569
-990566
-990563
-990560
-990558
-990558
-990557
-990557
-990556
-990556
-990556
-990554
-990553
-990553
-990551
-990550
-990545
-990536
-990536
-990534
-990530
-990530
-990530
-990524
-990518
-990518
-990516
-990513
-990512
-990511
-990506
-990505
-990504
-990503
-990502
-990500
-990499
-990499
-990497
-990496
-990495
-990495
-990489
-990488
-990484
-990480
-990479
-990474
-990472
-990472
-990468
-990465
-990464
-990464
-990461
-990458
-990456
-990454
-990454
-990454
-990452
-990451
-990445
-990444
-990442
-990437
-990436
-990435
-990434
-990432
-990430
-990429
-990429
-990427
-990425
-990423
-990422
-990416
-990415
-990411
-990410
-990408
-990403
-990401
-990400
-990399
-990398
-990397
-990397
-990396
-990391
-990390
-990388
-990387
-990382
-990379
-990375
-990372
-990371
-990369
-990367
-990366
-990366
-990365
-990357
-990353
-990347
-990346
-990345
-990344
-990343
-990342
-990336
-990335
-990334
-990330
-990328
-990327
-990327
-990326
-990325
-990320
-990319
-990318
-990316
-990315
-990311
-990311
-990310
-990309
-990305
-990305
-990305
-990304
-990302
-990301
-990300
-990298
-990294
-990294
-990283
-990279
-990276
-990274
-990272
-990266
-990263
-990263
-990260
-990258
-990256
-990256
-990251
-990246
-990242
-990241
-990241
-990239
-990232
-990231
-990230
-990227
-990222
-990218
-990216
-990213
-990208
-990207
-990205
-990189
-990187
-990184
-990177
-990174
-990174
-990174
-990170
-990168
-990167
-990167
-990166
-990165
-990164
-990164
-990163
-990159
-990158
-990154
-990154
-990153
-990152
-990152
-990151
-990150
-990150
-990149
-990147
-990143
-990142
-990136
-990135
-990126
-990124
-990123
-990120
-990118
-990109
-990108
-990108
-990105
-990101
-990097
-990096
-990095
-990095
-990094
-990094
-990094
-990085
-990083
-990081
-990080
-990079
-990079
-990077
-990072
-990072
-990070
-990070
-990068
-990067
-990066
-990065
-990065
-990064
-990059
-990058
-990057
-990053
-990051
-990050
-990050
-990048
-990045
-990043
-990040
-990039
-990034
-990033
-990033
-990032
-990031
-990029
-990028
-990025
-990023
-990022
-990022
-990018
-990015
-990011
-990010
-990006
-990005
-990005
-990003
-990002
-989999
-989999
-989993
-989989
-989989
-989989
-989988
-989980
-989979
-989977
-989974
-989971
-989970
-989968
-989966
-989964
-989963
-989962
-989962
-989960
-989957
-989957
-989957
-989954
-989953
-989953
-989953
-989952
-989952
-989952
-989949
-989949
-989945
-989943
-989940
-989937
-989937
-989936
-989936
-989935
-989927
-989923
-989922
-989921
-989917
-989917
-989912
-989911
-989911
-989909
-989909
-989906
-989896
-989896
-989895
-989895
-989893
-989892
-989889
-989888
-989882
-989882
-989878
-989877
-989877
-989874
-989873
-989872
-989871
-989869
-989865
-989863
-989861
-989860
-989859
-989857
-989855
-989855
-989853
-989848
-989847
-989846
-989845
-989844
-989842
-989841
-989838
-989837
-989835
-989826
-989825
-989824
-989821
-989819
-989814
-989813
-989813
-989813
-989809
-989809
-989809
-989808
-989805
-989803
-989802
-989800
-989798
-989794
-989790
-989788
-989781
-989779
-989778
-989774
-989768
-989768
-989768
-989765
-989765
-989764
-989764
-989763
-989763
-989762
-989760
-989751
-989745
-989745
-989744
-989744
-989741
-989740
-989740
-989737
-989736
-989735
-989735
-989729
-989728
-989720
-989719
-989719
-989719
-989719
-989716
-989715
-989714
-989713
-989712
-989711
-989705
-989705
-989705
-989702
-989699
-989693
-989691
-989689
-989688
-989685
-989685
-989684
-989680
-989677
-989675
-989675
-989672
-989670
-989664
-989660
-989659
-989659
-989657
-989656
-989655
-989653
-989652
-989645
-989642
-989641
-989640
-989638
-989633
-989633
-989632
-989628
-989625
-989625
-989624
-989622
-989619
-989618
-989617
-989615
-989611
-989607
-989607
-989606
-989603
-989602
-989601
-989598
-989598
-989598
-989597
-989596
-989592
-989592
-989590
-989589
-989588
-989587
-989586
-989585
-989584
-989582
-989582
-989580
-989580
-989578
-989577
-989576
-989575
-989567
-989567
-989564
-989562
-989560
-989560
-989560
-989557
-989554
-989551
-989544
-989542
-989540
-989536
-989536
-989529
-989526
-989525
-989523
-989522
-989521
-989520
-989516
-989511
-989507
-989503
-989500
-989499
-989499
-989495
-989495
-989489
-989488
-989488
-989487
-989487
-989486
-989486
-989484
-989483
-989482
-989473
-989469
-989459
-989459
-989454
-989452
-989451
-989446
-989446
-989444
-989443
-989442
-989441
-989439
-989439
-989434
-989434
-989434
-989432
-989426
-989426
-989426
-989423
-989419
-989418
-989412
-989411
-989409
-989407
-989407
-989402
-989402
-989401
-989401
-989399
-989398
-989398
-989396
-989395
-989394
-989394
-989393
-989392
-989388
-989386
-989385
-989384
-989383
-989375
-989374
-989371
-989368
-989368
-989365
-989365
-989364
-989362
-989359
-989359
-989359
-989358
-989356
-989354
-989353
-989351
-989349
-989349
-989347
-989343
-989340
-989337
-989327
-989322
-989320
-989318
-989316
-989316
-989315
-989312
-989312
-989312
-989309
-989308
-989304
-989302
-989302
-989300
-989297
-989296
-989296
-989296
-989296
-989292
-989292
-989288
-989287
-989287
-989285
-989284
-989278
-989277
-989275
-989274
-989274
-989273
-989272
-989271
-989269
-989269
-989269
-989269
-989268
-989265
-989261
-989261
-989255
-989255
-989250
-989245
-989245
-989244
-989243
-989243
-989242
-989241
-989241
-989239
-989238
-989237
-989236
-989235
-989234
-989233
-989233
-989231
-989229
-989223
-989221
-989220
-989219
-989218
-989216
-989216
-989215
-989215
-989212
-989211
-989210
-989207
-989205
-989204
-989203
-989202
-989202
-989201
-989201
-989196
-989192
-989192
-989191
-989183
-989183
-989183
-989183
-989179
-989179
-989177
-989176
-989175
-989173
-989169
-989168
-989167
-989165
-989164
-989162
-989162
-989159
-989159
-989157
-989156
-989155
-989153
-989151
-989147
-989146
-989146
-989145
-989142
-989140
-989134
-989134
-989132
-989131
-989130
-989127
-989126
-989120
-989120
-989115
-989112
-989109
-989107
-989107
-989107
-989106
-989104
-989104
-989103
-989102
-989102
-989102
-989101
-989101
-989099
-989098
-989096
-989094
-989088
-989086
-989085
-989084
-989083
-989080
-989079
-989077
-989075
-989075
-989072
-989070
-989070
-989067
-989065
-989062
-989057
-989056
-989055
-989052
-989052
-989050
-989047
-989047
-989038
-989036
-989035
-989035
-989029
-989029
-989027
-989026
-989025
-989022
-989021
-989020
-989018
-989018
-989015
-989009
-989007
-989002
-988999
-988997
-988995
-988994
-988991
-988988
-988985
-988982
-988982
-988981
-988973
-988971
-988969
-988968
-988967
-988966
-988962
-988960
-988957
-988956
-988956
-988956
-988953
-988951
-988950
-988948
-988944
-988939
-988937
-988936
-988934
-988933
-988931
-988931
-988929
-988924
-988923
-988922
-988917
-988916
-988913
-988912
-988909
-988909
-988907
-988906
-988904
-988900
-988895
-988895
-988894
-988890
-988888
-988886
-988886
-988886
-988884
-988884
-988883
-988883
-988880
-988879
-988877
-988877
-988877
-988875
-988874
-988870
-988870
-988869
-988866
-988865
-988863
-988863
-988861
-988861
-988859
-988856
-988855
-988854
-988854
-988852
-988852
-988849
-988848
-988846
-988843
-988842
-988841
-988841
-988840
-988838
-988835
-988834
-988833
-988833
-988829
-988823
-988822
-988821
-988820
-988820
-988820
-988817
-988815
-988814
-988814
-988813
-988810
-988809
-988809
-988809
-988807
-988806
-988802
-988802
-988801
-988796
-988795
-988795
-988791
-988791
-988786
-988786
-988782
-988780
-988779
-988778
-988776
-988776
-988773
-988772
-988769
-988769
-988766
-988762
-988761
-988759
-988759
-988756
-988754
-988754
-988754
-988753
-988751
-988751
-988751
-988751
-988745
-988742
-988742
-988740
-988738
-988736
-988733
-988731
-988730
-988730
-988719
-988718
-988717
-988715
-988715
-988710
-988707
-988706
-988706
-988702
-988701
-988700
-988696
-988695
-988694
-988689
-988685
-988685
-988682
-988680
-988680
-988678
-988675
-988673
-988673
-988672
-988666
-988664
-988662
-988660
-988659
-988659
-988654
-988652
-988652
-988651
-988648
-988644
-988643
-988641
-988637
-988636
-988636
-988632
-988619
-988618
-988616
-988616
-988613
-988610
-988609
-988608
-988602
-988600
-988597
-988597
-988596
-988589
-988588
-988588
-988584
-988583
-988579
-988578
-988578
-988570
-988569
-988567
-988561
-988560
-988559
-988558
-988557
-988557
-988555
-988554
-988552
-988550
-988549
-988546
-988543
-988541
-988540
-988534
-988531
-988530
-988526
-988523
-988522
-988518
-988515
-988514
-988512
-988494
-988493
-988490
-988487
-988487
-988486
-988485
-988483
-988480
-988480
-988479
-988477
-988473
-988467
-988463
-988461
-988459
-988458
-988458
-988457
-988456
-988455
-988451
-988450
-988450
-988448
-988447
-988447
-988447
-988447
-988445
-988441
-988437
-988436
-988436
-988431
-988427
-988426
-988425
-988422
-988422
-988419
-988417
-988415
-988415
-988414
-988410
-988403
-988398
-988398
-988397
-988393
-988393
-988393
-988391
-988385
-988381
-988380
-988376
-988376
-988375
-988373
-988373
-988366
-988365
-988362
-988361
-988357
-988357
-988356
-988356
-988355
-988350
-988349
-988341
-988339
-988338
-988337
-988336
-988335
-988335
-988335
-988335
-988332
-988331
-988328
-988323
-988323
-988323
-988319
-988319
-988312
-988310
-988309
-988307
-988306
-988304
-988303
-988299
-988291
-988290
-988289
-988289
-988289
-988288
-988286
-988283
-988282
-988281
-988280
-988269
-988268
-988264
-988260
-988260
-988260
-988259
-988258
-988257
-988257
-988250
-988247
-988243
-988243
-988240
-988236
-988234
-988230
-988227
-988224
-988216
-988213
-988213
-988212
-988207
-988201
-988197
-988196
-988193
-988192
-988191
-988191
-988189
-988185
-988185
-988182
-988181
-988181
-988179
-988179
-988178
-988174
-988173
-988169
-988168
-988166
-988165
-988162
-988159
-988156
-988150
-988149
-988148
-988144
-988139
-988136
-988129
-988121
-988121
-988120
-988119
-988116
-988115
-988115
-988114
-988112
-988112
-988110
-988107
-988106
-988104
-988103
-988098
-988095
-988094
-988093
-988090
-988089
-988088
-988086
-988085
-988083
-988083
-988081
-988080
-988080
-988079
-988076
-988076
-988074
-988073
-988071
-988065
-988060
-988057
-988057
-988056
-988056
-988053
-988050
-988045
-988042
-988042
-988041
-988036
-988034
-988028
-988028
-988027
-988026
-988025
-988024
-988019
-988019
-988018
-988014
-988011
-988011
-988010
-988003
-987996
-987992
-987989
-987987
-987986
-987985
-987981
-987980
-987980
-987978
-987974
-987970
-987966
-987964
-987963
-987960
-987959
-987958
-987958
-987955
-987949
-987944
-987941
-987941
-987941
-987938
-987937
-987936
-987934
-987934
-987930
-987930
-987929
-987929
-987927
-987924
-987922
-987922
-987919
-987918
-987916
-987915
-987909
-987906
-987906
-987899
-987895
-987895
-987894
-987891
-987887
-987887
-987886
-987886
-987884
-987882
-987881
-987876
-987873
-987865
-987862
-987861
-987859
-987856
-987855
-987855
-987854
-987852
-987852
-987848
-987846
-987842
-987842
-987840
-987832
-987828
-987823
-987821
-987818
-987818
-987815
-987814
-987808
-987807
-987804
-987802
-987798
-987795
-987789
-987785
-987784
-987780
-987780
-987779
-987779
-987778
-987778
-987777
-987777
-987776
-987775
-987768
-987767
-987767
-987766
-987764
-987764
-987764
-987762
-987759
-987759
-987758
-987755
-987752
-987752
-987749
-987748
-987745
-987743
-987738
-987737
-987737
-987733
-987732
-987732
-987727
-987726
-987724
-987723
-987718
-987717
-987709
-987709
-987708
-987705
-987704
-987702
-987701
-987700
-987697
-987696
-987694
-987694
-987693
-987691
-987690
-987688
-987685
-987681
-987678
-987672
-987672
-987672
-987670
-987668
-987665
-987664
-987664
-987661
-987661
-987656
-987655
-987652
-987649
-987649
-987643
-987640
-987639
-987639
-987637
-987636
-987634
-987633
-987633
-987632
-987632
-987629
-987629
-987624
-987620
-987618
-987617
-987616
-987615
-987614
-987610
-987609
-987603
-987602
-987600
-987600
-987597
-987595
-987595
-987595
-987589
-987588
-987583
-987581
-987580
-987576
-987576
-987574
-987573
-987571
-987569
-987568
-987561
-987560
-987559
-987559
-987558
-987558
-987556
-987554
-987553
-987548
-987547
-987544
-987542
-987540
-987537
-987534
-987534
-987532
-987532
-987530
-987529
-987522
-987522
-987520
-987519
-987519
-987519
-987518
-987518
-987517
-987515
-987513
-987512
-987508
-987505
-987505
-987504
-987500
-987500
-987498
-987494
-987488
-987487
-987483
-987482
-987482
-987479
-987478
-987476
-987474
-987473
-987473
-987470
-987470
-987469
-987465
-987463
-987462
-987461
-987460
-987456
-987455
-987450
-987447
-987445
-987443
-987441
-987441
-987436
-987434
-987433
-987430
-987429
-987429
-987428
-987428
-987425
-987425
-987424
-987422
-987421
-987413
-987412
-987409
-987408
-987406
-987406
-987402
-987401
-987398
-987397
-987397
-987395
-987392
-987390
-987389
-987382
-987377
-987374
-987374
-987373
-987370
-987369
-987365
-987363
-987361
-987359
-987354
-987353
-987352
-987352
-987351
-987349
-987349
-987348
-987346
-987345
-987342
-987339
-987338
-987337
-987337
-987334
-987333
-987332
-987330
-987329
-987327
-987322
-987321
-987321
-987319
-987319
-987317
-987317
-987313
-987311
-987310
-987306
-987303
-987296
-987294
-987291
-987287
-987287
-987285
-987285
-987282
-987280
-987278
-987278
-987277
-987277
-987276
-987274
-987272
-987272
-987270
-987268
-987267
-987267
-987262
-987258
-987256
-987255
-987253
-987250
-987245
-987244
-987241
-987239
-987238
-987237
-987234
-987234
-987234
-987233
-987229
-987227
-987225
-987225
-987224
-987219
-987216
-987215
-987214
-987214
-987214
-987213
-987211
-987211
-987211
-987208
-987205
-987198
-987198
-987190
-987189
-987189
-987183
-987183
-987181
-987178
-987175
-987171
-987171
-987171
-987169
-987168
-987167
-987161
-987161
-987160
-987156
-987155
-987152
-987152
-987147
-987144
-987141
-987140
-987139
-987136
-987134
-987133
-987131
-987130
-987124
-987124
-987121
-987119
-987118
-987116
-987115
-987107
-987105
-987105
-987100
-987099
-987098
-987096
-987092
-987088
-987088
-987087
-987087
-987084
-987083
-987083
-987082
-987079
-987078
-987078
-987074
-987074
-987073
-987069
-987065
-987065
-987063
-987063
-987062
-987058
-987058
-987057
-987057
-987055
-987055
-987052
-987051
-987050
-987047
-987047
-987047
-987046
-987046
-987045
-987045
-987042
-987041
-987041
-987039
-987038
-987038
-987036
-987035
-987025
-987013
-987013
-987012
-987010
-987009
-987004
-987004
-987001
-987000
-986998
-986997
-986997
-986997
-986994
-986989
-986984
-986983
-986981
-986980
-986979
-986975
-986974
-986974
-986974
-986971
-986971
-986971
-986964
-986963
-986962
-986959
-986957
-986956
-986955
-986955
-986954
-986953
-986951
-986951
-986951
-986949
-986946
-986945
-986945
-986942
-986941
-986940
-986940
-986939
-986938
-986935
-986931
-986931
-986930
-986930
-986926
-986926
-986919
-986919
-986917
-986917
-986914
-986902
-986901
-986896
-986893
-986893
-986891
-986884
-986882
-986882
-986880
-986878
-986877
-986876
-986876
-986875
-986875
-986875
-986872
-986872
-986872
-986870
-986867
-986867
-986864
-986863
-986861
-986861
-986860
-986856
-986855
-986852
-986849
-986848
-986846
-986845
-986844
-986842
-986842
-986840
-986838
-986836
-986834
-986832
-986832
-986831
-986828
-986823
-986813
-986813
-986813
-986808
-986802
-986791
-986789
-986780
-986780
-986780
-986780
-986779
-986777
-986777
-986774
-986773
-986772
-986771
-986767
-986765
-986760
-986757
-986755
-986755
-986755
-986754
-986754
-986750
-986749
-986746
-986730
-986715
-986713
-986713
-986712
-986711
-986708
-986707
-986707
-986707
-986706
-986701
-986699
-986698
-986698
-986694
-986690
-986680
-986677
-986676
-986671
-986666
-986666
-986664
-986663
-986662
-986661
-986659
-986659
-986651
-986650
-986647
-986644
-986638
-986633
-986627
-986624
-986622
-986621
-986619
-986614
-986614
-986613
-986611
-986609
-986606
-986604
-986604
-986603
-986603
-986601
-986600
-986599
-986590
-986589
-986588
-986585
-986584
-986582
-986581
-986580
-986578
-986576
-986574
-986573
-986572
-986569
-986568
-986567
-986565
-986560
-986558
-986557
-986555
-986550
-986550
-986549
-986548
-986544
-986541
-986540
-986538
-986537
-986535
-986532
-986532
-986529
-986527
-986524
-986519
-986517
-986516
-986510
-986505
-986504
-986500
-986498
-986496
-986493
-986493
-986491
-986481
-986480
-986478
-986476
-986475
-986472
-986470
-986468
-986467
-986466
-986465
-986462
-986461
-986455
-986453
-986452
-986449
-986448
-986447
-986447
-986445
-986441
-986440
-986435
-986431
-986430
-986429
-986428
-986424
-986421
-986420
-986419
-986416
-986416
-986414
-986412
-986409
-986407
-986406
-986403
-986401
-986400
-986398
-986396
-986394
-986392
-986390
-986388
-986387
-986387
-986379
-986379
-986379
-986378
-986378
-986372
-986364
-986363
-986363
-986362
-986360
-986359
-986357
-986356
-986356
-986355
-986350
-986347
-986347
-986346
-986344
-986343
-986342
-986339
-986339
-986336
-986325
-986324
-986324
-986323
-986318
-986317
-986315
-986314
-986313
-986312
-986311
-986311
-986310
-986310
-986308
-986308
-986305
-986302
-986296
-986295
-986288
-986288
-986287
-986284
-986284
-986283
-986283
-986276
-986276
-986276
-986276
-986275
-986275
-986273
-986271
-986271
-986269
-986268
-986265
-986264
-986263
-986262
-986262
-986260
-986260
-986258
-986257
-986256
-986255
-986250
-986248
-986244
-986239
-986234
-986234
-986231
-986228
-986228
-986226
-986224
-986222
-986220
-986216
-986211
-986207
-986205
-986203
-986201
-986197
-986194
-986192
-986191
-986190
-986188
-986188
-986185
-986185
-986184
-986180
-986178
-986177
-986176
-986176
-986174
-986173
-986173
-986172
-986169
-986163
-986157
-986156
-986151
-986151
-986150
-986149
-986149
-986148
-986145
-986145
-986142
-986141
-986138
-986136
-986135
-986134
-986132
-986128
-986124
-986123
-986120
-986118
-986116
-986112
-986112
-986110
-986106
-986102
-986098
-986097
-986096
-986094
-986087
-986083
-986082
-986081
-986079
-986075
-986072
-986069
-986064
-986062
-986061
-986053
-986051
-986045
-986043
-986043
-986041
-986040
-986039
-986039
-986038
-986032
-986032
-986031
-986029
-986028
-986025
-986023
-986022
-986019
-986007
-986006
-986003
-986002
-986002
-986000
-985998
-985997
-985996
-985996
-985995
-985990
-985986
-985984
-985983
-985982
-985979
-985977
-985976
-985976
-985975
-985973
-985972
-985972
-985971
-985968
-985966
-985965
-985963
-985961
-985961
-985959
-985955
-985953
-985949
-985948
-985945
-985944
-985944
-985944
-985943
-985942
-985940
-985940
-985940
-985937
-985930
-985929
-985927
-985925
-985924
-985923
-985923
-985921
-985920
-985920
-985919
-985918
-985914
-985911
-985909
-985906
-985903
-985901
-985899
-985894
-985894
-985893
-985893
-985891
-985891
-985890
-985879
-985879
-985878
-985876
-985872
-985872
-985868
-985867
-985855
-985854
-985853
-985848
-985845
-985844
-985838
-985835
-985835
-985834
-985831
-985826
-985826
-985824
-985822
-985821
-985821
-985818
-985817
-985816
-985814
-985814
-985814
-985812
-985811
-985809
-985809
-985807
-985807
-985801
-985801
-985800
-985800
-985797
-985795
-985793
-985793
-985792
-985789
-985789
-985786
-985786
-985782
-985780
-985778
-985778
-985777
-985776
-985775
-985774
-985772
-985770
-985768
-985767
-985760
-985759
-985759
-985757
-985757
-985757
-985756
-985756
-985755
-985752
-985750
-985748
-985747
-985746
-985745
-985744
-985740
-985739
-985739
-985736
-985733
-985732
-985728
-985727
-985727
-985725
-985723
-985720
-985718
-985718
-985711
-985708
-985707
-985705
-985702
-985698
-985692
-985692
-985691
-985689
-985686
-985686
-985685
-985683
-985682
-985678
-985677
-985675
-985675
-985671
-985671
-985667
-985667
-985667
-985666
-985664
-985663
-985661
-985654
-985652
-985651
-985651
-985649
-985647
-985645
-985643
-985642
-985639
-985638
-985635
-985635
-985631
-985629
-985628
-985627
-985626
-985625
-985623
-985622
-985622
-985622
-985621
-985618
-985617
-985613
-985612
-985611
-985611
-985609
-985605
-985604
-985601
-985601
-985601
-985600
-985599
-985599
-985599
-985598
-985596
-985591
-985589
-985587
-985587
-985579
-985579
-985574
-985574
-985568
-985567
-985566
-985562
-985560
-985560
-985559
-985555
-985554
-985554
-985553
-985550
-985550
-985549
-985547
-985547
-985545
-985538
-985538
-985538
-985537
-985534
-985534
-985532
-985529
-985527
-985522
-985513
-985512
-985510
-985503
-985501
-985499
-985499
-985497
-985496
-985494
-985492
-985490
-985489
-985485
-985481
-985480
-985478
-985477
-985469
-985467
-985466
-985466
-985466
-985464
-985460
-985454
-985453
-985451
-985451
-985450
-985450
-985449
-985448
-985444
-985442
-985437
-985434
-985432
-985431
-985430
-985429
-985429
-985428
-985426
-985423
-985423
-985414
-985414
-985412
-985405
-985405
-985405
-985403
-985400
-985400
-985395
-985394
-985393
-985391
-985389
-985389
-985386
-985385
-985381
-985380
-985379
-985378
-985377
-985375
-985373
-985369
-985365
-985364
-985363
-985360
-985359
-985357
-985355
-985354
-985348
-985343
-985343
-985340
-985339
-985335
-985331
-985330
-985322
-985322
-985317
-985312
-985311
-985298
-985296
-985295
-985293
-985293
-985291
-985287
-985287
-985287
-985282
-985281
-985281
-985280
-985280
-985275
-985273
-985272
-985271
-985271
-985269
-985268
-985267
-985267
-985264
-985261
-985260
-985258
-985258
-985258
-985257
-985254
-985254
-985250
-985249
-985248
-985247
-985245
-985244
-985234
-985230
-985229
-985224
-985224
-985223
-985221
-985218
-985216
-985211
-985209
-985209
-985209
-985208
-985208
-985206
-985204
-985202
-985199
-985199
-985198
-985198
-985192
-985191
-985190
-985189
-985188
-985188
-985187
-985185
-985182
-985182
-985181
-985176
-985175
-985175
-985175
-985174
-985173
-985172
-985165
-985164
-985160
-985160
-985160
-985160
-985160
-985157
-985146
-985143
-985140
-985139
-985139
-985136
-985134
-985134
-985134
-985132
-985131
-985128
-985128
-985127
-985126
-985126
-985124
-985123
-985123
-985123
-985122
-985121
-985118
-985117
-985115
-985111
-985108
-985106
-985105
-985098
-985093
-985092
-985088
-985087
-985085
-985083
-985083
-985083
-985082
-985081
-985080
-985078
-985071
-985070
-985066
-985060
-985055
-985053
-985050
-985049
-985047
-985046
-985034
-985032
-985029
-985027
-985024
-985024
-985024
-985023
-985023
-985023
-985022
-985020
-985019
-985018
-985006
-985004
-985004
-985003
-985002
-984996
-984995
-984995
-984993
-984992
-984991
-984990
-984987
-984986
-984985
-984984
-984982
-984981
-984978
-984976
-984976
-984975
-984973
-984972
-984968
-984966
-984961
-984960
-984958
-984958
-984952
-984951
-984950
-984948
-984944
-984943
-984941
-984940
-984939
-984937
-984937
-984935
-984929
-984928
-984924
-984923
-984922
-984922
-984918
-984916
-984910
-984906
-984904
-984903
-984901
-984894
-984894
-984893
-984887
-984886
-984886
-984883
-984882
-984882
-984879
-984878
-984878
-984877
-984873
-984872
-984871
-984868
-984868
-984866
-984861
-984861
-984857
-984857
-984856
-984854
-984847
-984845
-984839
-984838
-984833
-984832
-984831
-984823
-984821
-984821
-984821
-984819
-984818
-984817
-984817
-984816
-984815
-984814
-984808
-984805
-984802
-984802
-984799
-984795
-984795
-984793
-984791
-984791
-984790
-984785
-984783
-984782
-984781
-984780
-984776
-984776
-984775
-984773
-984772
-984767
-984766
-984766
-984760
-984759
-984758
-984758
-984757
-984752
-984751
-984749
-984749
-984747
-984747
-984746
-984742
-984741
-984741
-984738
-984738
-984728
-984727
-984724
-984718
-984717
-984716
-984712
-984708
-984705
-984704
-984701
-984698
-984697
-984696
-984695
-984692
-984690
-984686
-984686
-984684
-984683
-984681
-984675
-984673
-984672
-984668
-984668
-984668
-984666
-984655
-984654
-984653
-984652
-984651
-984651
-984649
-984649
-984648
-984644
-984642
-984637
-984631
-984626
-984623
-984623
-984622
-984622
-984616
-984613
-984613
-984612
-984609
-984604
-984601
-984599
-984597
-984597
-984597
-984597
-984596
-984592
-984589
-984589
-984586
-984583
-984580
-984575
-984575
-984570
-984569
-984566
-984566
-984565
-984563
-984563
-984558
-984553
-984548
-984546
-984543
-984543
-984542
-984541
-984536
-984529
-984526
-984522
-984520
-984520
-984518
-984517
-984502
-984501
-984501
-984500
-984499
-984497
-984495
-984495
-984495
-984492
-984492
-984490
-984487
-984485
-984483
-984479
-984477
-984477
-984476
-984475
-984472
-984471
-984470
-984469
-984469
-984463
-984462
-984460
-984459
-984456
-984448
-984446
-984438
-984438
-984438
-984429
-984428
-984427
-984426
-984423
-984423
-984423
-984421
-984421
-984416
-984415
-984414
-984410
-984410
-984408
-984407
-984406
-984405
-984404
-984404
-984403
-984403
-984399
-984396
-984396
-984394
-984392
-984392
-984392
-984390
-984384
-984384
-984383
-984378
-984378
-984377
-984377
-984377
-984375
-984373
-984371
-984371
-984368
-984365
-984365
-984364
-984363
-984357
-984357
-984351
-984350
-984346
-984343
-984338
-984334
-984333
-984325
-984320
-984319
-984317
-984317
-984316
-984315
-984312
-984311
-984308
-984308
-984308
-984304
-984299
-984297
-984287
-984287
-984287
-984285
-984282
-984279
-984278
-984277
-984275
-984275
-984266
-984266
-984266
-984265
-984262
-984262
-984260
-984257
-984248
-984247
-984246
-984245
-984238
-984233
-984233
-984232
-984230
-984229
-984229
-984227
-984224
-984222
-984222
-984221
-984221
-984219
-984218
-984217
-984212
-984210
-984205
-984199
-984198
-984197
-984196
-984196
-984191
-984191
-984188
-984187
-984186
-984186
-984183
-984182
-984179
-984178
-984176
-984174
-984173
-984172
-984170
-984170
-984169
-984168
-984167
-984165
-984165
-984164
-984160
-984160
-984160
-984157
-984156
-984156
-984153
-984153
-984152
-984151
-984148
-984148
-984147
-984146
-984143
-984141
-984140
-984138
-984137
-984135
-984131
-984129
-984126
-984125
-984125
-984116
-984116
-984115
-984112
-984112
-984109
-984107
-984107
-984105
-984104
-984104
-984099
-984096
-984095
-984093
-984092
-984091
-984090
-984090
-984090
-984083
-984083
-984082
-984081
-984078
-984077
-984077
-984074
-984074
-984074
-984072
-984072
-984071
-984069
-984068
-984067
-984063
-984062
-984061
-984060
-984060
-984059
-984059
-984058
-984051
-984047
-984045
-984042
-984041
-984040
-984039
-984039
-984038
-984037
-984036
-984031
-984031
-984029
-984028
-984027
-984026
-984019
-984016
-984014
-984011
-984004
-983995
-983994
-983989
-983986
-983983
-983982
-983982
-983981
-983980
-983979
-983978
-983976
-983975
-983974
-983964
-983956
-983952
-983952
-983951
-983942
-983937
-983934
-983931
-983926
-983922
-983918
-983916
-983916
-983916
-983915
-983915
-983913
-983911
-983910
-983907
-983901
-983899
-983898
-983898
-983897
-983896
-983895
-983892
-983888
-983886
-983880
-983871
-983869
-983866
-983864
-983864
-983863
-983862
-983861
-983859
-983857
-983853
-983853
-983853
-983850
-983848
-983845
-983841
-983839
-983835
-983835
-983827
-983826
-983820
-983820
-983817
-983814
-983814
-983812
-983810
-983808
-983804
-983802
-983798
-983796
-983795
-983793
-983792
-983789
-983788
-983788
-983786
-983785
-983782
-983777
-983775
-983771
-983771
-983770
-983768
-983768
-983767
-983765
-983765
-983764
-983759
-983758
-983756
-983755
-983751
-983748
-983748
-983746
-983741
-983739
-983737
-983735
-983735
-983732
-983731
-983725
-983724
-983724
-983721
-983721
-983720
-983719
-983718
-983718
-983716
-983710
-983710
-983709
-983709
-983707
-983704
-983701
-983695
-983684
-983683
-983679
-983677
-983677
-983675
-983671
-983671
-983671
-983670
-983667
-983666
-983663
-983651
-983649
-983648
-983642
-983639
-983636
-983635
-983628
-983626
-983625
-983622
-983621
-983621
-983621
-983619
-983613
-983608
-983605
-983602
-983602
-983601
-983600
-983595
-983595
-983594
-983592
-983592
-983591
-983590
-983588
-983587
-983585
-983579
-983577
-983575
-983573
-983572
-983572
-983571
-983571
-983567
-983567
-983567
-983566
-983565
-983564
-983561
-983559
-983558
-983557
-983556
-983554
-983552
-983549
-983548
-983546
-983545
-983545
-983544
-983537
-983537
-983536
-983535
-983531
-983520
-983518
-983515
-983514
-983513
-983504
-983504
-983500
-983499
-983497
-983495
-983489
-983488
-983488
-983487
-983486
-983486
-983485
-983482
-983482
-983477
-983476
-983476
-983471
-983468
-983467
-983465
-983462
-983458
-983457
-983452
-983450
-983445
-983445
-983444
-983444
-983443
-983441
-983440
-983436
-983428
-983425
-983424
-983423
-983422
-983421
-983420
-983419
-983413
-983410
-983409
-983407
-983407
-983407
-983406
-983405
-983403
-983397
-983394
-983393
-983390
-983390
-983388
-983387
-983386
-983385
-983384
-983383
-983381
-983379
-983378
-983377
-983373
-983367
-983367
-983366
-983361
-983360
-983356
-983354
-983351
-983348
-983348
-983347
-983346
-983346
-983341
-983341
-983338
-983338
-983335
-983333
-983332
-983331
-983328
-983328
-983326
-983325
-983321
-983320
-983311
-983307
-983306
-983305
-983301
-983296
-983294
-983293
-983290
-983289
-983288
-983288
-983285
-983284
-983278
-983278
-983278
-983274
-983272
-983272
-983271
-983269
-983268
-983267
-983267
-983265
-983264
-983263
-983262
-983261
-983258
-983255
-983253
-983252
-983252
-983250
-983248
-983245
-983244
-983244
-983243
-983240
-983238
-983237
-983236
-983235
-983232
-983231
-983231
-983230
-983229
-983229
-983226
-983226
-983225
-983224
-983223
-983223
-983219
-983217
-983217
-983213
-983208
-983205
-983200
-983198
-983197
-983197
-983189
-983188
-983186
-983180
-983175
-983173
-983172
-983171
-983171
-983170
-983166
-983165
-983164
-983163
-983162
-983160
-983160
-983159
-983156
-983153
-983153
-983151
-983150
-983150
-983149
-983147
-983145
-983143
-983143
-983142
-983140
-983138
-983137
-983136
-983135
-983135
-983135
-983132
-983130
-983127
-983121
-983119
-983117
-983112
-983109
-983108
-983107
-983106
-983105
-983103
-983102
-983100
-983099
-983099
-983098
-983089
-983089
-983083
-983081
-983078
-983076
-983075
-983073
-983072
-983071
-983071
-983070
-983069
-983068
-983065
-983064
-983064
-983063
-983063
-983063
-983061
-983060
-983058
-983058
-983057
-983057
-983053
-983051
-983051
-983048
-983043
-983039
-983036
-983036
-983035
-983034
-983030
-983030
-983030
-983029
-983027
-983026
-983024
-983017
-983005
-983000
-983000
-983000
-982999
-982998
-982995
-982993
-982989
-982985
-982982
-982980
-982980
-982979
-982978
-982977
-982975
-982971
-982970
-982967
-982966
-982965
-982959
-982958
-982958
-982950
-982941
-982938
-982938
-982937
-982932
-982932
-982932
-982931
-982928
-982925
-982920
-982919
-982919
-982919
-982919
-982916
-982913
-982904
-982903
-982903
-982901
-982899
-982898
-982898
-982894
-982892
-982890
-982889
-982886
-982886
-982886
-982884
-982884
-982883
-982882
-982880
-982875
-982871
-982870
-982869
-982866
-982864
-982864
-982860
-982860
-982859
-982856
-982854
-982853
-982852
-982849
-982847
-982842
-982842
-982842
-982841
-982840
-982840
-982839
-982836
-982835
-982833
-982829
-982827
-982826
-982825
-982824
-982816
-982812
-982810
-982809
-982806
-982803
-982802
-982801
-982800
-982796
-982795
-982792
-982792
-982790
-982787
-982781
-982778
-982777
-982776
-982773
-982762
-982755
-982754
-982745
-982742
-982741
-982734
-982733
-982732
-982731
-982730
-982729
-982729
-982728
-982728
-982727
-982722
-982719
-982717
-982715
-982715
-982714
-982714
-982713
-982709
-982704
-982699
-982694
-982692
-982690
-982690
-982686
-982683
-982682
-982679
-982679
-982677
-982674
-982667
-982667
-982665
-982664
-982663
-982662
-982662
-982660
-982655
-982655
-982654
-982653
-982649
-982648
-982646
-982645
-982642
-982642
-982642
-982641
-982641
-982638
-982636
-982634
-982632
-982630
-982629
-982628
-982627
-982624
-982624
-982623
-982623
-982621
-982619
-982618
-982617
-982614
-982610
-982605
-982605
-982604
-982604
-982603
-982602
-982602
-982599
-982598
-982596
-982596
-982595
-982595
-982594
-982593
-982593
-982584
-982578
-982575
-982573
-982573
-982572
-982571
-982570
-982569
-982564
-982563
-982562
-982560
-982557
-982556
-982546
-982546
-982545
-982545
-982542
-982541
-982541
-982541
-982538
-982538
-982537
-982536
-982531
-982526
-982526
-982525
-982525
-982523
-982522
-982522
-982522
-982521
-982519
-982517
-982517
-982516
-982515
-982515
-982515
-982513
-982511
-982509
-982496
-982492
-982492
-982490
-982485
-982484
-982484
-982479
-982479
-982479
-982478
-982475
-982474
-982474
-982473
-982472
-982469
-982468
-982468
-982466
-982465
-982460
-982458
-982458
-982456
-982456
-982450
-982448
-982441
-982440
-982437
-982436
-982434
-982433
-982433
-982432
-982432
-982431
-982427
-982427
-982422
-982420
-982420
-982419
-982415
-982415
-982414
-982410
-982407
-982404
-982397
-982397
-982397
-982393
-982392
-982390
-982389
-982389
-982387
-982386
-982379
-982377
-982377
-982377
-982376
-982376
-982370
-982369
-982368
-982365
-982361
-982358
-982357
-982349
-982346
-982335
-982334
-982330
-982329
-982328
-982328
-982326
-982325
-982314
-982313
-982310
-982309
-982306
-982302
-982300
-982300
-982299
-982297
-982293
-982290
-982288
-982287
-982286
-982284
-982279
-982278
-982275
-982268
-982268
-982265
-982263
-982262
-982260
-982259
-982255
-982251
-982244
-982244
-982244
-982239
-982236
-982235
-982232
-982230
-982227
-982227
-982224
-982223
-982222
-982222
-982217
-982216
-982213
-982211
-982210
-982206
-982203
-982202
-982199
-982198
-982195
-982195
-982194
-982192
-982191
-982190
-982189
-982184
-982184
-982178
-982176
-982174
-982170
-982167
-982166
-982160
-982157
-982155
-982153
-982153
-982149
-982149
-982148
-982142
-982141
-982134
-982134
-982132
-982124
-982122
-982121
-982119
-982114
-982113
-982113
-982110
-982108
-982100
-982099
-982098
-982093
-982093
-982091
-982091
-982088
-982087
-982086
-982085
-982084
-982081
-982081
-982081
-982079
-982074
-982071
-982069
-982065
-982063
-982062
-982060
-982059
-982056
-982045
-982045
-982043
-982041
-982041
-982039
-982037
-982035
-982035
-982035
-982031
-982029
-982028
-982027
-982017
-982016
-982016
-982016
-982015
-982014
-982013
-982011
-982010
-982009
-982007
-982005
-982002
-981997
-981990
-981986
-981985
-981982
-981980
-981979
-981979
-981979
-981978
-981974
-981969
-981966
-981962
-981961
-981958
-981957
-981957
-981957
-981954
-981953
-981949
-981949
-981948
-981947
-981945
-981941
-981941
-981941
-981941
-981934
-981930
-981926
-981921
-981919
-981919
-981916
-981912
-981908
-981907
-981903
-981901
-981897
-981894
-981893
-981892
-981891
-981890
-981887
-981885
-981883
-981878
-981878
-981878
-981877
-981871
-981870
-981863
-981863
-981860
-981850
-981848
-981847
-981846
-981844
-981842
-981841
-981841
-981840
-981839
-981834
-981834
-981831
-981831
-981826
-981826
-981826
-981825
-981822
-981821
-981818
-981815
-981812
-981811
-981811
-981808
-981803
-981799
-981799
-981798
-981795
-981794
-981793
-981793
-981792
-981790
-981787
-981779
-981778
-981773
-981771
-981769
-981769
-981767
-981762
-981760
-981757
-981756
-981755
-981752
-981746
-981741
-981738
-981736
-981733
-981732
-981726
-981719
-981717
-981714
-981714
-981712
-981711
-981709
-981707
-981703
-981703
-981699
-981699
-981697
-981696
-981696
-981693
-981690
-981690
-981687
-981683
-981681
-981678
-981676
-981674
-981674
-981673
-981672
-981672
-981667
-981665
-981663
-981662
-981656
-981656
-981655
-981648
-981641
-981638
-981634
-981634
-981630
-981627
-981627
-981625
-981625
-981621
-981620
-981618
-981617
-981617
-981617
-981615
-981614
-981612
-981609
-981605
-981604
-981604
-981602
-981599
-981597
-981594
-981593
-981592
-981589
-981588
-981584
-981582
-981582
-981581
-981580
-981580
-981579
-981576
-981572
-981568
-981563
-981557
-981556
-981555
-981550
-981547
-981547
-981546
-981545
-981542
-981541
-981539
-981539
-981535
-981534
-981533
-981531
-981531
-981529
-981529
-981529
-981526
-981522
-981522
-981521
-981517
-981515
-981510
-981509
-981505
-981503
-981503
-981500
-981500
-981499
-981499
-981498
-981498
-981497
-981494
-981493
-981490
-981490
-981488
-981486
-981485
-981481
-981475
-981475
-981472
-981471
-981470
-981466
-981462
-981461
-981461
-981461
-981460
-981459
-981453
-981453
-981452
-981450
-981445
-981440
-981438
-981438
-981436
-981430
-981426
-981424
-981423
-981423
-981422
-981420
-981419
-981419
-981418
-981414
-981411
-981408
-981406
-981403
-981403
-981396
-981395
-981394
-981393
-981390
-981389
-981384
-981383
-981381
-981380
-981380
-981373
-981371
-981369
-981369
-981366
-981365
-981364
-981364
-981364
-981362
-981362
-981360
-981359
-981357
-981353
-981353
-981352
-981351
-981349
-981348
-981347
-981346
-981346
-981346
-981344
-981343
-981341
-981340
-981339
-981333
-981330
-981328
-981326
-981325
-981325
-981322
-981320
-981319
-981314
-981313
-981311
-981309
-981306
-981303
-981301
-981298
-981297
-981297
